                               
 Cluster     Number of         Cluster         LCV      aLCV   Furthest    Datasets
  Number      Datasets          Height                         Datasets          ID
                               
     001             2           0.075        0.01      0.01    18   21    18 21
     002             2           0.128        0.03      0.05     5   14    5 14
     003             2           0.221        0.06      0.09     8   15    8 15
     004             2           0.241        0.03      0.05     7   30    7 30
     005             3           0.258        0.04      0.07    13   14    5 13 14
     006             2           0.261        0.05      0.08     3   22    3 22
     007             2           0.271        0.07      0.11     6   19    6 19
     008             2           0.346        0.05      0.09    10   27    10 27
     009             2           0.458        0.08      0.14    16   20    16 20
     010             2           0.460        0.08      0.07     1   12    1 12
     011             3           0.468        0.12      0.20     9   15    8 9 15
     012             4           0.581        0.14      0.22     9   11    8 9 11 15
     013             3           0.702        0.13      0.21     1   25    1 12 25
     014             3           0.718        0.13      0.12    28   30    7 28 30
     015             3           0.731        0.13      0.21     6   26    6 19 26
     016             2           0.733        0.19      0.30    17   24    17 24
     017             5           0.736        0.12      0.19    14   18    5 13 14 18 21
     018             3           0.798        0.19      0.31     4   22    3 4 22
     019             5           0.915        0.20      0.33    16   28    7 16 20 28 30
     020             4           1.342        0.28      0.45    24   27    10 17 24 27
     021             2           1.675        0.18      0.29     2   23    2 23
     022             6           1.883        0.38      0.60     6   25    1 6 12 19 25 26
     023             9           3.119        0.32      0.51    18   24    5 10 13 14 17 18 21 24 27
     024             7           3.275        0.63      1.00     2   16    2 7 16 20 23 28 30
     025            13           5.030        0.66      1.05     2    6    1 2 6 7 12 16 19 20 23 25 26 28 30
     026            13           7.522        0.33      0.53     9   18    5 8 9 10 11 13 14 15 17 18 21 24 27
     027            26          11.715        1.08      1.71     2    9    1 2 5 6 7 8 9 10 11 12 13 14 15 16 17 18 19 20 21 23 24 25 26 27 28 30
     028            29          14.266        1.08      1.71     2    9    1 2 3 4 5 6 7 8 9 10 11 12 13 14 15 16 17 18 19 20 21 22 23 24 25 26 27 28 30
     029            30          17.319        1.17      1.86     9   29    1 2 3 4 5 6 7 8 9 10 11 12 13 14 15 16 17 18 19 20 21 22 23 24 25 26 27 28 29 30
