                               
 Cluster     Number of         Cluster         LCV      aLCV   Furthest    Datasets
  Number      Datasets          Height                         Datasets          ID
                               
     001             2           0.010        0.02      0.03    11   22    11 22
     002             2           0.017        0.04      0.06    17   23    17 23
     003             2           0.021        0.05      0.08    12   25    12 25
     004             2           0.021        0.04      0.07    24   30    24 30
     005             2           0.029        0.03      0.04    13   16    13 16
     006             3           0.031        0.11      0.17    23   29    17 23 29
     007             2           0.034        0.10      0.16     6    7    6 7
     008             2           0.040        0.10      0.16     5   19    5 19
     009             3           0.043        0.10      0.09    21   30    21 24 30
     010             2           0.046        0.14      0.22     9   14    9 14
     011             2           0.047        0.09      0.08    26   28    26 28
     012             3           0.068        0.16      0.26     2   19    2 5 19
     013             3           0.076        0.23      0.36     1    7    1 6 7
     014             4           0.080        0.12      0.19    11   25    11 12 22 25
     015             4           0.085        0.11      0.17    23   29    8 17 23 29
     016             3           0.159        0.41      0.64    13   20    13 16 20
     017             5           0.181        0.16      0.26     2   19    2 5 19 26 28
     018             5           0.227        0.41      0.38     1   14    1 6 7 9 14
     019             7           0.349        0.41      0.64    13   20    11 12 13 16 20 22 25
     020             9           0.357        0.20      0.31     2   23    2 5 8 17 19 23 26 28 29
     021            10           0.596        0.27      0.44     2   18    2 5 8 17 18 19 23 26 28 29
     022            13           0.811        0.27      0.44     2   18    2 5 8 17 18 19 21 23 24 26 28 29 30
     023            12           1.299        0.41      0.64    13   20    1 6 7 9 11 12 13 14 16 20 22 25
     024            13           1.560        0.58      0.91     3   20    1 3 6 7 9 11 12 13 14 16 20 22 25
     025             2           2.983        2.10      4.27    15   27    15 27
     026             2           3.403        2.17      3.32     4   10    4 10
     027            26           6.489        0.78      1.23     3   18    1 2 3 5 6 7 8 9 11 12 13 14 16 17 18 19 20 21 22 23 24 25 26 28 29 30
     028             4          11.830      105.70     96.08    10   27    4 10 15 27
     029            30          18.284      105.70     96.08    10   27    1 2 3 4 5 6 7 8 9 10 11 12 13 14 15 16 17 18 19 20 21 22 23 24 25 26 27 28 29 30
