                               
 Cluster     Number of         Cluster         LCV      aLCV   Furthest    Datasets
  Number      Datasets          Height                         Datasets          ID
                               
     001             2           0.000        0.00      0.00    37   37    37 222
     002             2           0.000        0.00      0.00   178  375    178 375
     003             2           0.000        0.00      0.00    68  334    68 334
     004             2           0.000        0.00      0.00    58  257    58 257
     005             2           0.000        0.00      0.00    87  356    87 356
     006             2           0.000        0.00      0.01    82  242    82 242
     007             2           0.000        0.01      0.01    31   78    31 78
     008             2           0.000        0.00      0.00   154  307    154 307
     009             2           0.000        0.00      0.01   168  336    168 336
     010             2           0.000        0.01      0.01    60  339    60 339
     011             2           0.000        0.00      0.00   100  329    100 329
     012             2           0.000        0.01      0.01   138  380    138 380
     013             3           0.000        0.00      0.01    24  178    24 178 375
     014             2           0.000        0.01      0.01   146  374    146 374
     015             2           0.000        0.01      0.01    53  367    53 367
     016             3           0.000        0.01      0.01    40  154    40 154 307
     017             2           0.000        0.00      0.01    21   70    21 70
     018             2           0.000        0.01      0.01   189  250    189 250
     019             2           0.000        0.01      0.01    44  106    44 106
     020             2           0.000        0.01      0.01   176  198    176 198
     021             2           0.000        0.01      0.01    67  139    67 139
     022             2           0.000        0.01      0.01    42  182    42 182
     023             2           0.000        0.01      0.01   143  247    143 247
     024             2           0.000        0.01      0.01   274  384    274 384
     025             2           0.000        0.01      0.01     9  354    9 354
     026             2           0.000        0.01      0.01   162  318    162 318
     027             2           0.000        0.01      0.01   202  245    202 245
     028             3           0.000        0.01      0.01    36   87    36 87 356
     029             2           0.000        0.01      0.01   305  344    305 344
     030             2           0.000        0.01      0.02   165  194    165 194
     031             2           0.000        0.01      0.02   148  266    148 266
     032             2           0.000        0.02      0.02    56  125    56 125
     033             2           0.000        0.00      0.01   219  309    219 309
     034             2           0.000        0.01      0.01    77  303    77 303
     035             2           0.000        0.01      0.01    52  210    52 210
     036             2           0.000        0.01      0.02   235  337    235 337
     037             2           0.000        0.01      0.02     2  215    2 215
     038             4           0.000        0.01      0.02    24  350    24 178 350 375
     039             3           0.000        0.01      0.02   100  273    100 273 329
     040             2           0.000        0.02      0.02    61  353    61 353
     041             2           0.000        0.01      0.01    96  144    96 144
     042             2           0.000        0.02      0.02    39  312    39 312
     043             2           0.000        0.01      0.01   108  111    108 111
     044             2           0.000        0.01      0.01    30  179    30 179
     045             2           0.000        0.01      0.01   256  358    256 358
     046             3           0.000        0.01      0.02   146  199    146 199 374
     047             2           0.000        0.01      0.02   231  265    231 265
     048             3           0.000        0.01      0.02    17  247    17 143 247
     049             2           0.000        0.01      0.02    79  229    79 229
     050             2           0.000        0.02      0.02     6  147    6 147
     051             2           0.000        0.02      0.02   114  316    114 316
     052             4           0.000        0.01      0.01    40  338    40 154 307 338
     053             3           0.000        0.02      0.02   277  367    53 277 367
     054             2           0.000        0.01      0.02   158  283    158 283
     055             2           0.000        0.02      0.02    71  239    71 239
     056             2           0.000        0.02      0.02   323  352    323 352
     057             2           0.000        0.02      0.02   161  372    161 372
     058             2           0.000        0.01      0.02   206  330    206 330
     059             2           0.000        0.02      0.02   190  360    190 360
     060             2           0.000        0.02      0.02   300  355    300 355
     061             2           0.000        0.01      0.01   166  333    166 333
     062             2           0.000        0.02      0.02    74  237    74 237
     063             2           0.000        0.02      0.02   335  361    335 361
     064             2           0.000        0.01      0.02    23  129    23 129
     065             3           0.000        0.01      0.02   276  318    162 276 318
     066             2           0.000        0.02      0.02     1  196    1 196
     067             2           0.000        0.01      0.01     5  135    5 135
     068             2           0.001        0.02      0.02   133  137    133 137
     069             4           0.001        0.02      0.02   168  380    138 168 336 380
     070             2           0.001        0.02      0.02   218  298    218 298
     071             2           0.001        0.02      0.02   288  320    288 320
     072             2           0.001        0.01      0.02   107  211    107 211
     073             2           0.001        0.01      0.01    91  284    91 284
     074             2           0.001        0.03      0.03   151  195    151 195
     075             2           0.001        0.02      0.03    11   22    11 22
     076             2           0.001        0.02      0.02   101  249    101 249
     077             2           0.001        0.03      0.02   149  188    149 188
     078             2           0.001        0.02      0.03    97  286    97 286
     079             2           0.001        0.03      0.03    19  117    19 117
     080             2           0.001        0.03      0.03    95  103    95 103
     081             2           0.001        0.02      0.02   170  175    170 175
     082             3           0.001        0.02      0.02   260  265    231 260 265
     083             2           0.001        0.03      0.03   228  296    228 296
     084             2           0.001        0.01      0.01   185  365    185 365
     085             2           0.001        0.02      0.03   145  369    145 369
     086             2           0.001        0.02      0.03    29  246    29 246
     087             2           0.001        0.02      0.03   110  221    110 221
     088             2           0.001        0.02      0.03    88  181    88 181
     089             2           0.001        0.02      0.03   183  310    183 310
     090             2           0.001        0.02      0.03    76  331    76 331
     091             3           0.001        0.01      0.02   300  341    300 341 355
     092             2           0.001        0.03      0.03    90  123    90 123
     093             2           0.001        0.02      0.02    66  226    66 226
     094             2           0.001        0.02      0.02   169  289    169 289
     095             3           0.001        0.04      0.03    98  354    9 98 354
     096             2           0.001        0.02      0.02    86  363    86 363
     097             2           0.001        0.02      0.03   118  327    118 327
     098             2           0.001        0.02      0.04   295  373    295 373
     099             2           0.001        0.02      0.03   193  343    193 343
     100             3           0.001        0.02      0.04    64  288    64 288 320
     101             2           0.001        0.02      0.03    59  243    59 243
     102             3           0.001        0.03      0.03    38  369    38 145 369
     103             2           0.001        0.04      0.03   171  217    171 217
     104             4           0.001        0.02      0.03   111  303    77 108 111 303
     105             2           0.001        0.02      0.04   159  259    159 259
     106             3           0.001        0.02      0.03   176  357    176 198 357
     107             3           0.001        0.02      0.03    74  313    74 237 313
     108             3           0.001        0.04      0.04    85  125    56 85 125
     109             3           0.001        0.04      0.04   316  324    114 316 324
     110             4           0.001        0.03      0.03    31  372    31 78 161 372
     111             3           0.001        0.04      0.04    69  110    69 110 221
     112             3           0.001        0.02      0.03   257  290    58 257 290
     113             2           0.001        0.04      0.04   131  192    131 192
     114             4           0.001        0.03      0.03    44  331    44 76 106 331
     115             2           0.001        0.03      0.04   105  291    105 291
     116             2           0.001        0.03      0.04    43  220    43 220
     117             4           0.001        0.03      0.03    21  274    21 70 274 384
     118             3           0.001        0.02      0.03   121  166    121 166 333
     119             3           0.001        0.02      0.03   204  344    204 305 344
     120             2           0.001        0.02      0.04   163  279    163 279
     121             2           0.001        0.03      0.04    89  230    89 230
     122             2           0.001        0.05      0.04   102  150    102 150
     123             3           0.001        0.03      0.04    23  315    23 129 315
     124             2           0.001        0.04      0.04    62  157    62 157
     125             3           0.001        0.02      0.04   250  267    189 250 267
     126             2           0.001        0.02      0.03    99  346    99 346
     127             2           0.001        0.05      0.04   109  301    109 301
     128             4           0.001        0.03      0.04   137  296    133 137 228 296
     129             3           0.001        0.02      0.03   278  330    206 278 330
     130             2           0.001        0.04      0.03   201  214    201 214
     131             2           0.001        0.02      0.03   124  269    124 269
     132             5           0.001        0.02      0.03    24  244    24 178 244 350 375
     133             4           0.001        0.04      0.04   235  312    39 235 312 337
     134             2           0.001        0.03      0.05   140  306    140 306
     135             2           0.001        0.03      0.05    55  382    55 382
     136             4           0.001        0.05      0.04    26  277    26 53 277 367
     137             2           0.001        0.04      0.04   207  302    207 302
     138             3           0.001        0.05      0.05   197  249    101 197 249
     139             2           0.001        0.03      0.05    72  359    72 359
     140             2           0.001        0.03      0.04    13   16    13 16
     141             3           0.001        0.02      0.03   179  297    30 179 297
     142             3           0.001        0.06      0.05     8   95    8 95 103
     143             2           0.001        0.04      0.04   255  264    255 264
     144             6           0.001        0.03      0.04   161  190    31 78 161 190 360 372
     145             4           0.001        0.03      0.05   107  135    5 107 135 211
     146             4           0.001        0.05      0.05   265  317    231 260 265 317
     147             2           0.001        0.02      0.03   187  227    187 227
     148             2           0.001        0.04      0.04   127  377    127 377
     149             4           0.001        0.06      0.05    18  355    18 300 341 355
     150             4           0.001        0.04      0.04   188  323    149 188 323 352
     151             2           0.001        0.06      0.05   270  347    270 347
     152             2           0.001        0.06      0.05   116  299    116 299
     153             2           0.001        0.04      0.06   126  160    126 160
     154             3           0.001        0.07      0.07    75  118    75 118 327
     155             3           0.001        0.05      0.05   158  304    158 283 304
     156             4           0.001        0.06      0.05    81  290    58 81 257 290
     157             4           0.001        0.03      0.05   144  266    96 144 148 266
     158             3           0.001        0.04      0.06   141  214    141 201 214
     159             3           0.001        0.06      0.06   254  353    61 254 353
     160             4           0.001        0.05      0.05   185  358    185 256 358 365
     161             2           0.001        0.04      0.06    63  322    63 322
     162             2           0.001        0.07      0.06    93  208    93 208
     163             3           0.001        0.06      0.06   153  291    105 153 291
     164             3           0.001        0.06      0.05    80  219    80 219 309
     165             2           0.001        0.07      0.06   191  328    191 328
     166             5           0.001        0.05      0.05    42  247    17 42 143 182 247
     167             3           0.001        0.07      0.07   363  381    86 363 381
     168             3           0.001        0.05      0.08   181  205    88 181 205
     169             3           0.001        0.07      0.06    43  167    43 167 220
     170             3           0.001        0.05      0.07   120  286    97 120 286
     171             3           0.001        0.03      0.05   200  242    82 200 242
     172             5           0.001        0.05      0.05    98  202    9 98 202 245 354
     173             5           0.001        0.03      0.05    36   62    36 62 87 157 356
     174             2           0.001        0.05      0.05   216  233    216 233
     175             5           0.001        0.05      0.08    59  315    23 59 129 243 315
     176             4           0.002        0.04      0.07     8  104    8 95 103 104
     177             3           0.002        0.03      0.05   195  321    151 195 321
     178             2           0.002        0.02      0.03    25  342    25 342
     179             2           0.002        0.06      0.06   122  224    122 224
     180             4           0.002        0.04      0.07    66  193    66 193 226 343
     181             2           0.002        0.05      0.08   209  364    209 364
     182             2           0.002        0.03      0.04   240  252    240 252
     183             2           0.002        0.08      0.07    12  293    12 293
     184             5           0.002        0.09      0.08    26   28    26 28 53 277 367
     185             4           0.002        0.05      0.08    19  295    19 117 295 373
     186             6           0.002        0.03      0.05    21  229    21 70 79 229 274 384
     187             3           0.002        0.09      0.09   236  279    163 236 279
     188             3           0.002        0.05      0.08    93  112    93 112 208
     189             3           0.002        0.03      0.05   131  186    131 186 192
     190             6           0.002        0.05      0.04    68  235    39 68 235 312 334 337
     191             4           0.002        0.04      0.06    63  322    63 99 322 346
     192             5           0.002        0.04      0.06   144  177    96 144 148 177 266
     193             6           0.002        0.09      0.08    98  366    9 98 202 245 354 366
     194             4           0.002        0.06      0.09   368  381    86 363 368 381
     195             5           0.002        0.11      0.10     8  376    8 95 103 104 376
     196             3           0.002        0.05      0.07   239  332    71 239 332
     197             6           0.002        0.05      0.08   149  218    149 188 218 298 323 352
     198             5           0.002        0.10      0.09   185  285    185 256 285 358 365
     199             5           0.002        0.05      0.07   110  175    69 110 170 175 221
     200             3           0.002        0.04      0.06     1  340    1 196 340
     201             5           0.002        0.04      0.07   126  288    64 126 160 288 320
     202             4           0.002        0.09      0.08   183  187    183 187 227 310
     203             5           0.002        0.05      0.08    40  136    40 136 154 307 338
     204             2           0.002        0.07      0.11   128  378    128 378
     205             4           0.002        0.06      0.10   109  116    109 116 299 301
     206             4           0.002        0.05      0.08   102  139    67 102 139 150
     207             7           0.002        0.06      0.06   296  318    133 137 162 228 276 296 318
     208             2           0.002        0.06      0.06    94  287    94 287
     209             5           0.002        0.10      0.09   125  302    56 85 125 207 302
     210             6           0.002        0.06      0.05    60  303    60 77 108 111 303 339
     211             3           0.002        0.08      0.12   152  230    89 152 230
     212             2           0.002        0.07      0.14   345  371    345 371
     213             4           0.003        0.09      0.09    90  124    90 123 124 269
     214             2           0.003        0.11      0.10     7   14    7 14
     215             8           0.003        0.09      0.08    26   28    26 28 53 146 199 277 367 374
     216             4           0.003        0.07      0.11   159  361    159 259 335 361
     217             2           0.003        0.06      0.09   113  174    113 174
     218             2           0.003        0.13      0.12     4  253    4 253
     219             2           0.003        0.12      0.11    83  362    83 362
     220             2           0.003        0.08      0.07   115  223    115 223
     221             3           0.003        0.05      0.08   251  306    140 251 306
     222             3           0.003        0.11      0.10   147  294    6 147 294
     223             4           0.003        0.07      0.10   214  258    141 201 214 258
     224             2           0.003        0.08      0.13   275  280    275 280
     225             4           0.003        0.07      0.12    11   12    11 12 22 293
     226             4           0.003        0.10      0.09    13   25    13 16 25 342
     227             2           0.003        0.09      0.14    92  238    92 238
     228             6           0.003        0.10      0.09    81  194    58 81 165 194 257 290
     229             5           0.003        0.11      0.11    91  181    88 91 181 205 284
     230             4           0.003        0.14      0.13   169  364    169 209 289 364
     231             3           0.003        0.06      0.10    37  349    37 222 349
     232             2           0.003        0.12      0.25    33  263    33 263
     233             5           0.003        0.07      0.12    94  283    94 158 283 287 304
     234             6           0.003        0.07      0.07   313  333    74 121 166 237 313 333
     235             4           0.003        0.16      0.15   134  208    93 112 134 208
     236             6           0.003        0.07      0.11   197  369    38 101 145 197 249 369
     237             6           0.003        0.07      0.07   206  250    189 206 250 267 278 330
     238             6           0.003        0.07      0.12   120  220    43 97 120 167 220 286
     239             2           0.003        0.08      0.13   156  184    156 184
     240             2           0.004        0.10      0.10    41   46    41 46
     241             4           0.004        0.08      0.13     7  127    7 14 127 377
     242             2           0.004        0.11      0.17   248  379    248 379
     243             7           0.004        0.14      0.13    19  204    19 117 204 295 305 344 373
     244             8           0.004        0.08      0.13   302  309    56 80 85 125 207 219 302 309
     245             5           0.004        0.16      0.15   118  233    75 118 216 233 327
     246             9           0.004        0.05      0.08   149  218    149 176 188 198 218 298 323 352 357
     247             5           0.004        0.09      0.15   191  294    6 147 191 294 328
     248             7           0.004        0.07      0.11    29   42    17 29 42 143 182 246 247
     249             8           0.004        0.06      0.10    36  200    36 62 82 87 157 200 242 356
     250             7           0.004        0.10      0.09   226  332    66 71 193 226 239 332 343
     251             2           0.004        0.12      0.25    49   50    49 50
     252             9           0.004        0.12      0.11   160  168    64 126 138 160 168 288 320 336 380
     253             5           0.004        0.13      0.12   183  383    183 187 227 310 383
     254            11           0.004        0.07      0.12    28  100    26 28 53 100 146 199 273 277 329 367 374
     255             6           0.004        0.08      0.12   152  230    30 89 152 179 230 297
     256            10           0.004        0.10      0.16    19  254    19 61 117 204 254 295 305 344 353 373
     257             5           0.004        0.13      0.21   349  362    37 83 222 349 362
     258             4           0.004        0.10      0.16   180  316    114 180 316 324
     259             7           0.004        0.11      0.18   136  252    40 136 154 240 252 307 338
     260             8           0.005        0.07      0.12   341  368    18 86 300 341 355 363 368 381
     261             9           0.005        0.12      0.11    96  317    96 144 148 177 231 260 265 266 317
     262             8           0.005        0.10      0.16   120  359    43 72 97 120 167 220 286 359
     263            11           0.005        0.05      0.09    59  190    23 31 59 78 129 161 190 243 315 360 372
     264             4           0.005        0.20      0.18    20  196    1 20 196 340
     265             9           0.005        0.15      0.14   153  197    38 101 105 145 153 197 249 291 369
     266             2           0.005        0.21      0.20   203  213    203 213
     267             4           0.005        0.16      0.15   171  347    171 217 270 347
     268             7           0.005        0.11      0.17   279  364    163 169 209 236 279 289 364
     269             3           0.005        0.18      0.16    54  378    54 128 378
     270             3           0.005        0.12      0.19     2  241    2 215 241
     271             9           0.005        0.14      0.13   235  251    39 68 140 235 251 306 312 334 337
     272             4           0.006        0.22      0.21   164  186    131 164 186 192
     273             3           0.006        0.31      0.28     3  379    3 248 379
     274            11           0.006        0.13      0.21   109  252    40 109 116 136 154 240 252 299 301 307 338
     275            13           0.006        0.12      0.19   104  200    8 36 62 82 87 95 103 104 157 200 242 356 376
     276            11           0.006        0.05      0.08   229  244    21 24 70 79 178 229 244 274 350 375 384
     277            12           0.006        0.09      0.14   331  341    18 44 76 86 106 300 331 341 355 363 368 381
     278             9           0.006        0.25      0.23    90  233    75 90 118 123 124 216 233 269 327
     279             7           0.007        0.15      0.14    99  151    63 99 151 195 321 322 346
     280             7           0.007        0.10      0.16   255  365    185 255 256 264 285 358 365
     281             2           0.007        0.22      0.20   311  319    311 319
     282            15           0.007        0.09      0.14   126  313    64 74 121 126 138 160 166 168 237 288 313 320 333 336 380
     283            11           0.007        0.09      0.14   135  137    5 107 133 135 137 162 211 228 276 296 318
     284             9           0.007        0.19      0.18   102  181    67 88 91 102 139 150 181 205 284
     285            15           0.008        0.14      0.22   229  258    21 24 70 79 141 178 201 214 229 244 258 274 350 375 384
     286             3           0.008        0.15      0.25   280  348    275 280 348
     287             7           0.008        0.09      0.14    52  283    52 94 158 210 283 287 304
     288             3           0.008        0.35      0.32   155  224    122 155 224
     289             2           0.008        0.23      0.42    27  271    27 271
     290            18           0.008        0.09      0.15   218  317    96 144 148 149 176 177 188 198 218 231 260 265 266 298 317 323 352 357
     291             4           0.008        0.23      0.37    92  174    92 113 174 238
     292             2           0.008        0.31      0.63   142  268    142 268
     293            13           0.009        0.18      0.16   264  303    60 77 108 111 185 255 256 264 285 303 339 358 365
     294             3           0.009        0.24      0.44    33   34    33 34 263
     295             4           0.009        0.26      0.24     2  272    2 215 241 272
     296            13           0.009        0.21      0.20   110  302    56 69 80 85 110 125 170 175 207 219 221 302 309
     297             6           0.009        0.34      0.32   164  223    115 131 164 186 192 223
     298            16           0.010        0.10      0.16   194  254    19 58 61 81 117 165 194 204 254 257 290 295 305 344 353 373
     299             3           0.010        0.26      0.53   325  371    325 345 371
     300             7           0.010        0.22      0.36   134  155    93 112 122 134 155 208 224
     301            11           0.010        0.21      0.20   191  366    6 9 98 147 191 202 245 294 328 354 366
     302             6           0.010        0.18      0.29   361  382    55 159 259 335 361 382
     303             3           0.010        0.57      0.52    65  311    65 311 319
     304             5           0.011        0.20      0.31    11  370    11 12 22 293 370
     305             6           0.011        0.14      0.22    20   46    1 20 41 46 196 340
     306            22           0.012        0.18      0.17     5  329    5 26 28 53 100 107 133 135 137 146 162 199 211 228 273 276 277 296 318 329 367 374
     307            11           0.012        0.18      0.28    52  270    52 94 158 171 210 217 270 283 287 304 347
     308            16           0.012        0.11      0.17   251  332    39 66 68 71 140 193 226 235 239 251 306 312 332 334 337 343
     309            18           0.012        0.14      0.22    29  190    17 23 29 31 42 59 78 129 143 161 182 190 243 246 247 315 360 372
     310             9           0.013        0.20      0.31    11  370    11 12 13 16 22 25 293 342 370
     311            18           0.013        0.19      0.30   156  251    39 66 68 71 140 156 184 193 226 235 239 251 306 312 332 334 337 343
     312            21           0.013        0.17      0.28   230  258    21 24 30 70 79 89 141 152 178 179 201 214 229 230 244 258 274 297 350 375 384
     313             3           0.014        0.23      0.42    27  271    27 51 271
     314             2           0.014        0.26      0.42   212  225    212 225
     315            19           0.014        0.20      0.31   110  382    55 56 69 80 85 110 125 159 170 175 207 219 221 259 302 309 335 361 382
     316            20           0.014        0.15      0.24   197  294    6 9 38 98 101 105 145 147 153 191 197 202 245 249 291 294 328 354 366 369
     317            16           0.016        0.41      0.38   287  349    37 52 83 94 158 171 210 217 222 270 283 287 304 347 349 362
     318             4           0.016        0.53      0.98    73  271    27 51 73 271
     319            18           0.018        0.28      0.26   206  381    18 44 76 86 106 189 206 250 267 278 300 330 331 341 355 363 368 381
     320            17           0.018        0.17      0.28   216  359    43 72 75 90 97 118 120 123 124 167 216 220 233 269 286 327 359
     321             8           0.018        0.49      0.46    57  155    57 93 112 122 134 155 208 224
     322            11           0.018        0.38      0.35   151  377    7 14 63 99 127 151 195 321 322 346 377
     323             2           0.018        0.42      0.84    35  326    35 326
     324            31           0.019        0.26      0.24   129  376    8 17 23 29 31 36 42 59 62 78 82 87 95 103 104 129 143 157 161 182 190 200 242 243 246 247 315 356 360 372 376
     325             8           0.019        0.37      0.34   272  316    2 114 180 215 241 272 316 324
     326             7           0.021        0.37      0.59   174  348    92 113 174 238 275 280 348
     327            15           0.022        0.22      0.35   164  181    67 88 91 102 115 131 139 150 164 181 186 192 205 223 284
     328             4           0.023        0.70      0.65    45  311    45 65 311 319
     329            21           0.027        0.40      0.37    19  383    19 58 61 81 117 165 183 187 194 204 227 254 257 290 295 305 310 344 353 373 383
     330            17           0.028        0.64      0.59    46  377    1 7 14 20 41 46 63 99 127 151 195 196 321 322 340 346 377
     331            12           0.029        0.38      0.61    11  378    11 12 13 16 22 25 54 128 293 342 370 378
     332            31           0.029        0.20      0.32   255  331    18 44 60 76 77 86 106 108 111 185 189 206 250 255 256 264 267 278 285 300 303 330 331 339 341 355 358 363 365 368 381
     333            26           0.033        0.30      0.28   240  313    40 64 74 109 116 121 126 136 138 154 160 166 168 237 240 252 288 299 301 307 313 320 333 336 338 380
     334            24           0.035        0.47      0.44   233  364    43 72 75 90 97 118 120 123 124 163 167 169 209 216 220 233 236 269 279 286 289 327 359 364
     335            36           0.038        0.48      0.45   184  317    39 66 68 71 96 140 144 148 149 156 176 177 184 188 193 198 218 226 231 235 239 251 260 265 266 298 306 312 317 323 332 334 337 343 352 357
     336            43           0.040        0.49      0.46     5  383    5 19 26 28 53 58 61 81 100 107 117 133 135 137 146 162 165 183 187 194 199 204 211 227 228 254 257 273 276 277 290 295 296 305 310 318 329 344 353 367 373 374 383
     337             4           0.040        0.49      1.01    50  268    49 50 142 268
     338            29           0.042        0.69      0.64   230  272    2 21 24 30 70 79 89 114 141 152 178 179 180 201 214 215 229 230 241 244 258 272 274 297 316 324 350 375 384
     339             3           0.043        0.87      1.57    84  326    35 84 326
     340             7           0.046        0.64      1.01    45  248    3 45 65 248 311 319 379
     341            15           0.051        0.98      0.91    57   92    57 92 93 112 113 122 134 155 174 208 224 238 275 280 348
     342            43           0.052        0.39      0.61   216  382    43 55 56 69 72 75 80 85 90 97 110 118 120 123 124 125 159 163 167 169 170 175 207 209 216 219 220 221 233 236 259 269 279 286 289 302 309 327 335 359 361 364 382
     343             4           0.052        0.74      1.20   212  213    203 212 213 225
     344            37           0.052        0.64      0.59    46  377    1 6 7 9 14 20 38 41 46 63 98 99 101 105 127 145 147 151 153 191 195 196 197 202 245 249 291 294 321 322 328 340 346 354 366 369 377
     345             7           0.055        0.68      1.26    73  325    27 51 73 271 325 345 371
     346             5           0.058        1.34      2.73    15  268    15 49 50 142 268
     347            41           0.070        0.34      0.55   109  164    40 64 67 74 88 91 102 109 115 116 121 126 131 136 138 139 150 154 160 164 166 168 181 186 192 205 223 237 240 252 284 288 299 301 307 313 320 333 336 338 380
     348             2           0.072        1.99      4.12   314  351    314 351
     349             2           0.074        1.36      1.31   281  292    281 292
     350             4           0.076        1.53      3.08    48   84    35 48 84 326
     351            72           0.077        0.47      0.74   180  254    2 5 19 21 24 26 28 30 53 58 61 70 79 81 89 100 107 114 117 133 135 137 141 146 152 162 165 178 179 180 183 187 194 199 201 204 211 214 215 227 228 229 230 241 244 254 257 258 272 273 274 276 277 290 295 296 297 305 310 316 318 324 329 344 350 353 367 373 374 375 383 384
     352            31           0.077        0.66      1.06    52  348    37 52 57 83 92 93 94 112 113 122 134 155 158 171 174 208 210 217 222 224 238 270 275 280 283 287 304 347 348 349 362
     353            67           0.093        0.67      0.62   184  376    8 17 23 29 31 36 39 42 59 62 66 68 71 78 82 87 95 96 103 104 129 140 143 144 148 149 156 157 161 176 177 182 184 188 190 193 198 200 218 226 231 235 239 242 243 246 247 251 260 265 266 298 306 312 315 317 323 332 334 337 343 352 356 357 360 372 376
     354             2           0.101        2.76      5.83    47  132    47 132
     355             8           0.102        1.81      3.68    15   34    15 33 34 49 50 142 263 268
     356             9           0.113        1.30      2.04   248  253    3 4 45 65 248 253 311 319 379
     357            72           0.128        0.57      0.91   164  255    18 40 44 60 64 67 74 76 77 86 88 91 102 106 108 109 111 115 116 121 126 131 136 138 139 150 154 160 164 166 168 181 185 186 189 192 205 206 223 237 240 250 252 255 256 264 267 278 284 285 288 299 300 301 303 307 313 320 330 331 333 336 338 339 341 355 358 363 365 368 380 381
     358            49           0.133        0.66      1.04    20  378    1 6 7 9 11 12 13 14 16 20 22 25 38 41 46 54 63 98 99 101 105 127 128 145 147 151 153 191 195 196 197 202 245 249 291 293 294 321 322 328 340 342 346 354 366 369 370 377 378
     359           115           0.167        0.57      0.91   164  255    18 40 43 44 55 56 60 64 67 69 72 74 75 76 77 80 85 86 88 90 91 97 102 106 108 109 110 111 115 116 118 120 121 123 124 125 126 131 136 138 139 150 154 159 160 163 164 166 167 168 169 170 175 181 185 186 189 192 205 206 207 209 216 219 220 221 223 233 236 237 240 250 252 255 256 259 264 267 269 278 279 284 285 286 288 289 299 300 301 302 303 307 309 313 320 327 330 331 333 335 336 338 339 341 355 358 359 361 363 364 365 368 380 381 382
     360             2           0.173        1.48      1.38   119  308    119 308
     361             9           0.189        2.46      5.09   325  351    27 51 73 271 314 325 345 351 371
     362            10           0.229        3.45      5.28    10  248    3 4 10 45 65 248 253 311 319 379
     363           139           0.254        0.67      1.07   156  180    2 5 8 17 19 21 23 24 26 28 29 30 31 36 39 42 53 58 59 61 62 66 68 70 71 78 79 81 82 87 89 95 96 100 103 104 107 114 117 129 133 135 137 140 141 143 144 146 148 149 152 156 157 161 162 165 176 177 178 179 180 182 183 184 187 188 190 193 194 198 199 200 201 204 211 214 215 218 226 227 228 229 230 231 235 239 241 242 243 244 246 247 251 254 257 258 260 265 266 272 273 274 276 277 290 295 296 297 298 305 306 310 312 315 316 317 318 323 324 329 332 334 337 343 344 350 352 353 356 357 360 367 372 373 374 375 376 383 384
     364            35           0.367        1.99      3.17    52  213    37 52 57 83 92 93 94 112 113 122 134 155 158 171 174 203 208 210 212 213 217 222 224 225 238 270 275 280 283 287 304 347 348 349 362
     365            17           0.368        4.20      8.53    15  351    15 27 33 34 49 50 51 73 142 263 268 271 314 325 345 351 371
     366            59           0.568        4.03      6.18    10   20    1 3 4 6 7 9 10 11 12 13 14 16 20 22 25 38 41 45 46 54 63 65 98 99 101 105 127 128 145 147 151 153 191 195 196 197 202 245 248 249 253 291 293 294 311 319 321 322 328 340 342 346 354 366 369 370 377 378 379
     367             4           0.590        4.99      4.65   119  292    119 281 292 308
     368           150           0.634        2.28      3.63   213  255    18 37 40 43 44 52 55 56 57 60 64 67 69 72 74 75 76 77 80 83 85 86 88 90 91 92 93 94 97 102 106 108 109 110 111 112 113 115 116 118 120 121 122 123 124 125 126 131 134 136 138 139 150 154 155 158 159 160 163 164 166 167 168 169 170 171 174 175 181 185 186 189 192 203 205 206 207 208 209 210 212 213 216 217 219 220 221 222 223 224 225 233 236 237 238 240 250 252 255 256 259 264 267 269 270 275 278 279 280 283 284 285 286 287 288 289 299 300 301 302 303 304 307 309 313 320 327 330 331 333 335 336 338 339 341 347 348 349 355 358 359 361 362 363 364 365 368 380 381 382
     369            21           0.649        5.56     11.16    84  351    15 27 33 34 35 48 49 50 51 73 84 142 263 268 271 314 325 326 345 351 371
     370            23           0.718        8.35     16.75    47   84    15 27 33 34 35 47 48 49 50 51 73 84 132 142 263 268 271 314 325 326 345 351 371
     371            24           1.072        8.35     16.75    47   84    15 27 33 34 35 47 48 49 50 51 73 84 132 142 262 263 268 271 314 325 326 345 351 371
     372           198           1.075        4.45      6.81    10  156    1 2 3 4 5 6 7 8 9 10 11 12 13 14 16 17 19 20 21 22 23 24 25 26 28 29 30 31 36 38 39 41 42 45 46 53 54 58 59 61 62 63 65 66 68 70 71 78 79 81 82 87 89 95 96 98 99 100 101 103 104 105 107 114 117 127 128 129 133 135 137 140 141 143 144 145 146 147 148 149 151 152 153 156 157 161 162 165 176 177 178 179 180 182 183 184 187 188 190 191 193 194 195 196 197 198 199 200 201 202 204 211 214 215 218 226 227 228 229 230 231 235 239 241 242 243 244 245 246 247 248 249 251 253 254 257 258 260 265 266 272 273 274 276 277 290 291 293 294 295 296 297 298 305 306 310 311 312 315 316 317 318 319 321 322 323 324 328 329 332 334 337 340 342 343 344 346 350 352 353 354 356 357 360 366 367 369 370 372 373 374 375 376 377 378 379 383 384
     373           154           1.232        5.48      5.09   164  292    18 37 40 43 44 52 55 56 57 60 64 67 69 72 74 75 76 77 80 83 85 86 88 90 91 92 93 94 97 102 106 108 109 110 111 112 113 115 116 118 119 120 121 122 123 124 125 126 131 134 136 138 139 150 154 155 158 159 160 163 164 166 167 168 169 170 171 174 175 181 185 186 189 192 203 205 206 207 208 209 210 212 213 216 217 219 220 221 222 223 224 225 233 236 237 238 240 250 252 255 256 259 264 267 269 270 275 278 279 280 281 283 284 285 286 287 288 289 292 299 300 301 302 303 304 307 308 309 313 320 327 330 331 333 335 336 338 339 341 347 348 349 355 358 359 361 362 363 364 365 368 380 381 382
     374           352           2.194        6.60     10.10    10  281    1 2 3 4 5 6 7 8 9 10 11 12 13 14 16 17 18 19 20 21 22 23 24 25 26 28 29 30 31 36 37 38 39 40 41 42 43 44 45 46 52 53 54 55 56 57 58 59 60 61 62 63 64 65 66 67 68 69 70 71 72 74 75 76 77 78 79 80 81 82 83 85 86 87 88 89 90 91 92 93 94 95 96 97 98 99 100 101 102 103 104 105 106 107 108 109 110 111 112 113 114 115 116 117 118 119 120 121 122 123 124 125 126 127 128 129 131 133 134 135 136 137 138 139 140 141 143 144 145 146 147 148 149 150 151 152 153 154 155 156 157 158 159 160 161 162 163 164 165 166 167 168 169 170 171 174 175 176 177 178 179 180 181 182 183 184 185 186 187 188 189 190 191 192 193 194 195 196 197 198 199 200 201 202 203 204 205 206 207 208 209 210 211 212 213 214 215 216 217 218 219 220 221 222 223 224 225 226 227 228 229 230 231 233 235 236 237 238 239 240 241 242 243 244 245 246 247 248 249 250 251 252 253 254 255 256 257 258 259 260 264 265 266 267 269 270 272 273 274 275 276 277 278 279 280 281 283 284 285 286 287 288 289 290 291 292 293 294 295 296 297 298 299 300 301 302 303 304 305 306 307 308 309 310 311 312 313 315 316 317 318 319 320 321 322 323 324 327 328 329 330 331 332 333 334 335 336 337 338 339 340 341 342 343 344 346 347 348 349 350 352 353 354 355 356 357 358 359 360 361 362 363 364 365 366 367 368 369 370 372 373 374 375 376 377 378 379 380 381 382 383 384
     375             2           3.382        7.96     43.29   173  234    173 234
     376             2           3.913       18.23     81.85   172  261    172 261
     377             2           5.369       16.80     36.99   232  282    232 282
     378            25           9.837      174.90    315.04    32   84    15 27 32 33 34 35 47 48 49 50 51 73 84 132 142 262 263 268 271 314 325 326 345 351 371
     379             3          14.366       90.63    279.06   130  173    130 173 234
     380             5          24.672      117.34    316.91   173  282    130 173 232 234 282
     381             7          42.312      159.50    353.86   261  282    130 172 173 232 234 261 282
     382            32          86.782      276.87    431.24    48  173    15 27 32 33 34 35 47 48 49 50 51 73 84 130 132 142 172 173 232 234 261 262 263 268 271 282 314 325 326 345 351 371
     383           384         217.873      477.97    434.45    10  234    1 2 3 4 5 6 7 8 9 10 11 12 13 14 15 16 17 18 19 20 21 22 23 24 25 26 27 28 29 30 31 32 33 34 35 36 37 38 39 40 41 42 43 44 45 46 47 48 49 50 51 52 53 54 55 56 57 58 59 60 61 62 63 64 65 66 67 68 69 70 71 72 73 74 75 76 77 78 79 80 81 82 83 84 85 86 87 88 89 90 91 92 93 94 95 96 97 98 99 100 101 102 103 104 105 106 107 108 109 110 111 112 113 114 115 116 117 118 119 120 121 122 123 124 125 126 127 128 129 130 131 132 133 134 135 136 137 138 139 140 141 142 143 144 145 146 147 148 149 150 151 152 153 154 155 156 157 158 159 160 161 162 163 164 165 166 167 168 169 170 171 172 173 174 175 176 177 178 179 180 181 182 183 184 185 186 187 188 189 190 191 192 193 194 195 196 197 198 199 200 201 202 203 204 205 206 207 208 209 210 211 212 213 214 215 216 217 218 219 220 221 222 223 224 225 226 227 228 229 230 231 232 233 234 235 236 237 238 239 240 241 242 243 244 245 246 247 248 249 250 251 252 253 254 255 256 257 258 259 260 261 262 263 264 265 266 267 268 269 270 271 272 273 274 275 276 277 278 279 280 281 282 283 284 285 286 287 288 289 290 291 292 293 294 295 296 297 298 299 300 301 302 303 304 305 306 307 308 309 310 311 312 313 314 315 316 317 318 319 320 321 322 323 324 325 326 327 328 329 330 331 332 333 334 335 336 337 338 339 340 341 342 343 344 345 346 347 348 349 350 351 352 353 354 355 356 357 358 359 360 361 362 363 364 365 366 367 368 369 370 371 372 373 374 375 376 377 378 379 380 381 382 383 384
