                               
 Cluster     Number of         Cluster         LCV      aLCV   Furthest    Datasets
  Number      Datasets          Height                         Datasets          ID
                               
     001             2           0.000        0.02      0.04    10   27    10 27
     002             2           0.001        0.03      0.05     6    7    6 7
     003             2           0.001        0.02      0.02    20   25    20 25
     004             2           0.001        0.09      0.14    15   16    15 16
     005             2           0.001        0.08      0.12    14   17    14 17
     006             2           0.001        0.09      0.14     3   26    3 26
     007             3           0.001        0.09      0.14    15   16    15 16 24
     008             4           0.001        0.10      0.16     3   25    3 20 25 26
     009             2           0.002        0.22      0.35     4   11    4 11
     010             3           0.002        0.15      0.24     2   27    2 10 27
     011             2           0.002        0.08      0.12     5    9    5 9
     012             3           0.002        0.29      0.46    14   18    14 17 18
     013             3           0.002        0.26      0.41     1    7    1 6 7
     014             2           0.003        0.16      0.25    19   29    19 29
     015             5           0.003        0.31      0.50     3   12    3 12 20 25 26
     016             4           0.005        0.33      0.52     5   11    4 5 9 11
     017             8           0.006        0.62      0.99     1   12    1 3 6 7 12 20 25 26
     018             6           0.009        0.20      0.32    15   27    2 10 15 16 24 27
     019             7           0.011        0.33      0.52     5   11    4 5 9 11 14 17 18
     020             3           0.014        0.25      0.39    19   30    19 29 30
     021             2           0.027        1.30      2.04     8   13    8 13
     022             9           0.029        0.46      0.73    15   30    2 10 15 16 19 24 27 29 30
     023             2           0.031        0.56      1.04    23   28    23 28
     024            15           0.045        0.62      0.99     1   12    1 3 4 5 6 7 9 11 12 14 17 18 20 25 26
     025            24           0.095        0.72      1.15     1   30    1 2 3 4 5 6 7 9 10 11 12 14 15 16 17 18 19 20 24 25 26 27 29 30
     026            26           0.151        2.42      3.78    13   30    1 2 3 4 5 6 7 8 9 10 11 12 13 14 15 16 17 18 19 20 24 25 26 27 29 30
     027             3           0.199        2.66      5.48    22   28    22 23 28
     028             4          16.843      235.37    372.61    21   28    21 22 23 28
     029            30          24.155      268.20    419.35    13   21    1 2 3 4 5 6 7 8 9 10 11 12 13 14 15 16 17 18 19 20 21 22 23 24 25 26 27 28 29 30
